65 72 30 40 80 12 0 202 188 47 62 90 104 227 149 69 0 121 162 214 52 168 219 162 146 216 129 0 0 41 0 20 27 27 89 144 85 0 212 158 188 109 85 177 134 0 67 127 103 0 123 22 157 41 229 135 100 28 107 125 136 101 169 204
212 25 117 128 210 107 11 195 205 145 99 158 8 117 0 49 198 114 88 146 228 7 46 29 22 225 116 122 90 50 61 46 137 66 201 87 97 0 33 0 39 189 119 143 133 139 38 127 198 64 123 7 169 4 25 86 44 197 83 46 8 52 153 0
140 162 177 0 187 63 211 71 63 179 205 6 83 215 45 195 74 146 89 91 105 74 0 19 130 30 87 48 0 18 51 215 20 60 5 194 97 15 9 76 43 168 0 207 180 64 97 3 155 63 10 145 0 122 46 75 199 0 128 60 227 107 23 19
182 124 105 210 168 201 65 120 75 36 106 0 0 29 21 52 113 194 214 110 229 127 165 0 26 94 209 208 0 30 52 196 36 49 23 96 144 0 227 0 130 124 19 42 93 116 87 179 206 157 6 61 66 226 141 174 145 13 216 158 0 157 172 111
63 217 23 222 230 52 78 97 166 119 173 35 0 186 5 123 202 77 103 8 222 43 139 101 196 164 131 208 190 42 64 219 226 28 82 98 114 36 159 95 87 226 15 13 55 114 133 99 142 71 177 191 112 218 127 0 89 25 45 77 86 239 9 69
101 0 118 205 196 135 4 102 8 118 69 195 101 190 114 226 0 99 186 196 127 0 214 107 155 177 219 0 45 225 168 220 64 49 212 0 169 0 90 151 147 210 54 107 203 180 28 9 129 132 76 20 112 153 0 139 178 76 31 185 10 136 24 136
151 0 90 207 24 128 131 103 181 90 133 37 90 149 128 4 41 206 0 38 23 197 135 224 108 231 190 0 86 0 212 204 0 121 189 138 69 148 16 165 221 140 118 173 147 227 24 4 44 153 195 148 149 187 210 147 179 221 36 19 207 68 51 136
86 119 44 158 83 229 174 12 0 18 219 168 147 37 216 69 109 136 121 144 13 187 67 191 70 59 174 0 64 19 0 87 109 178 174 201 0 17 12 89 205 215 124 124 97 124 170 68 117 68 130 131 46 186 40 232 175 222 63 26 147 133 98 229
74 142 34 26 199 55 36 42 105 155 144 174 1 97 13 231 6 84 47 207 24 16 132 226 57 44 0 0 163 103 22 183 64 132 214 11 115 38 44 108 109 0 104 132 99 73 69 214 1 46 180 26 83 31 64 76 0 145 65 80 174 0 62 224
101 34 56 134 0 193 72 176 6 80 76 56 73 163 33 0 108 60 67 68 78 5 178 186 124 0 137 202 232 123 0 136 149 58 73 223 142 139 116 47 31 80 79 128 5 103 140 179 54 0 75 157 11 76 67 105 23 229 186 169 226 193 84 105
0 4 195 44 0 166 74 44 92 90 222 121 53 192 0 208 95 143 109 186 148 60 149 171 137 60 0 91 111 100 209 13 0 133 9 159 226 9 125 178 230 103 199 182 157 212 140 7 104 128 0 27 188 56 141 21 151 95 170 132 221 234 104 216
149 162 117 185 135 224 0 223 183 64 231 29 2 224 0 194 44 108 150 134 139 0 0 0 102 51 106 155 204 1 23 44 125 119 130 142 58 221 203 188 43 63 88 187 192 153 0 91 18 184 49 161 19 120 0 130 166 228 30 0 66 64 29 7
106 151 142 3 0 3 171 180 94 54 31 55 0 18 18 1 170 121 89 59 0 0 102 21 170 126 48 81 20 0 26 209 219 197 27 52 17 0 21 227 65 125 102 42 232 201 95 148 109 155 127 30 73 53 26 109 1 188 2 113 56 225 77 50
19 131 18 89 196 30 0 138 139 165 12 5 154 135 183 172 133 155 37 51 88 67 120 140 142 231 89 198 114 218 65 207 54 124 182 201 37 51 120 31 0 61 197 173 18 204 70 188 215 74 211 150 0 68 186 154 185 0 85 67 183 53 130 39
142 217 169 91 36 91 79 0 0 42 10 95 112 86 218 49 226 0 14 21 23 111 120 208 167 171 93 111 112 202 57 17 0 36 53 162 113 108 0 38 67 189 100 0 76 14 174 10 94 200 20 101 138 22 151 197 129 195 26 196 154 19 61 173
0 151 174 221 0 116 88 24 37 0 0 12 28 169 12 64 196 0 148 119 48 217 99 151 98 40 3 19 63 75 10 79 164 78 127 136 91 25 185 23 160 4 108 182 206 113 117 140 45 209 147 96 34 0 222 77 177 11 42 129 127 74 9 205
111 197 155 180 100 199 54 0 0 80 12 48 101 3 173 56 181 121 41 118 14 0 111 92 203 196 159 223 210 124 122 229 35 81 121 59 8 69 73 0 9 121 166 42 61 167 172 133 45 62 51 128 228 0 63 86 140 77 92 216 95 217 0 77
0 64 31 0 163 34 184 212 215 58 0 110 94 185 153 0 16 9 118 112 228 168 37 231 131 178 45 95 40 12 9 69 15 159 42 37 63 97 62 139 211 173 97 0 219 16 42 61 168 0 224 12 139 102 194 120 230 140 149 137 137 180 0 33
227 26 183 220 98 112 54 124 136 168 100 24 8 185 47 32 1 8 91 119 231 91 55 107 80 139 220 0 198 28 0 0 134 66 226 191 228 166 127 142 0 0 194 33 150 134 194 5 48 140 0 201 229 57 151 0 188 34 0 215 210 49 103 90
219 90 190 102 130 95 212 149 222 206 155 15 62 0 176 212 180 189 145 213 212 187 161 0 145 0 0 181 43 162 46 199 199 59 20 164 0 0 211 112 17 124 172 204 226 87 177 127 29 9 91 176 112 126 27 189 33 187 43 208 111 17 6 0
157 90 39 182 182 73 194 18 35 86 13 11 68 41 86 91 189 59 5 52 228 183 46 43 94 3 77 34 0 119 74 232 67 0 141 39 166 66 173 22 79 185 43 215 199 214 199 33 68 0 209 0 82 172 124 205 200 206 8 184 177 71 85 153
169 21 162 51 222 178 25 0 64 19 31 114 71 98 208 178 63 157 41 72 41 0 23 149 40 144 89 198 117 6 54 217 145 0 81 1 0 0 181 146 102 41 198 122 51 7 63 199 221 215 170 77 105 0 159 106 189 94 66 40 232 0 194 6
38 40 55 97 43 83 30 119 0 111 0 0 184 222 112 89 204 40 204 124 145 88 193 122 83 80 140 103 216 178 63 209 0 0 186 0 122 177 94 119 13 212 0 66 75 113 223 208 153 4 78 106 81 75 140 109 0 81 135 101 7 0 213 169
108 18 136 132 35 49 10 53 43 97 60 83 70 37 92 0 135 35 174 36 0 211 0 27 13 123 122 138 0 19 224 161 184 79 81 59 18 91 165 109 157 117 127 230 0 2 81 94 97 114 46 150 33 131 210 45 133 32 126 0 125 170 92 0
172 158 13 199 13 98 104 96 52 225 114 4 139 90 25 231 129 46 148 21 91 185 58 196 133 231 10 227 215 67 192 67 0 90 29 136 81 225 39 111 18 184 132 28 189 0 181 172 232 47 118 192 15 222 176 0 133 42 10 151 149 2 167 8
132 157 48 45 4 143 199 2 147 203 10 85 52 224 33 7 63 77 137 97 152 84 29 96 156 23 218 16 175 110 203 194 27 64 114 38 0 193 176 0 101 96 106 21 214 188 40 38 112 198 190 118 9 185 74 66 25 122 0 163 19 100 14 238
190 225 165 72 86 0 42 118 110 146 89 127 57 103 94 63 116 165 155 0 23 219 0 0 214 143 43 154 113 178 22 187 186 210 0 54 22 199 171 17 149 52 18 8 0 196 203 144 45 160 135 97 216 80 5 6 79 81 37 201 115 94 190 170
154 36 4 0 2 206 69 63 85 15 22 92 74 41 129 23 21 90 115 103 208 155 76 180 191 8 134 31 187 125 111 185 90 160 39 97 24 31 228 34 33 0 149 113 205 207 218 29 114 197 115 128 187 126 13 127 0 219 230 123 0 203 145 12
221 223 185 50 7 26 178 100 64 138 132 144 125 116 0 44 219 113 59 105 74 167 46 175 125 134 186 212 0 15 26 173 6 210 85 65 143 214 13 65 215 40 133 55 187 28 78 48 179 97 213 92 99 179 115 18 180 125 63 91 152 67 202 52
24 16 184 178 0 162 85 98 110 224 9 225 71 8 36 125 40 85 200 190 230 208 88 69 44 24 27 13 45 53 219 165 81 95 199 35 124 0 231 203 172 0 104 56 121 169 0 98 0 124 155 11 129 219 0 196 144 79 159 41 154 221 23 201
9 35 15 159 121 0 186 154 109 47 0 125 210 225 194 200 13 209 115 154 105 0 95 151 34 111 187 38 230 189 19 64 179 24 134 231 59 0 150 136 125 27 210 50 65 70 113 221 86 170 0 0 22 140 34 66 65 0 71 203 0 212 114 214
61 7 120 131 62 149 70 0 151 58 178 2 67 30 107 0 107 103 40 190 162 164 100 28 33 222 17 28 0 20 17 218 220 88 229 74 0 63 39 140 66 151 34 53 149 185 0 70 21 0 0 205 210 117 6 20 27 48 152 202 53 167 182 193
82 26 209 98 62 220 106 214 192 157 141 175 84 54 153 55 29 169 146 67 179 202 115 192 166 127 166 150 165 148 157 0 15 78 50 133 225 103 173 20 216 106 189 159 91 35 191 20 117 86 187 15 33 0 100 0 126 93 0 72 202 190 58 0
0 11 208 200 117 188 198 143 66 194 127 214 170 0 144 25 70 200 232 95 157 97 178 0 173 58 220 165 4 177 135 0 230 156 97 179 120 171 9 167 0 97 228 81 92 140 47 61 54 223 119 119 141 215 135 20 12 91 0 145 209 11 42 9
124 41 158 0 157 188 226 148 61 99 0 99 123 145 111 59 214 172 117 205 158 73 30 169 123 231 214 4 199 199 178 87 12 64 195 0 72 70 150 52 0 60 82 161 55 220 4 0 124 230 115 65 24 32 0 201 156 121 176 0 218 191 124 152
219 18 88 184 66 144 124 65 193 141 2 172 218 147 92 149 5 98 102 225 160 159 0 0 4 177 107 58 118 40 0 165 129 128 77 35 79 47 45 220 69 0 221 63 212 37 200 213 5 80 0 69 7 144 141 175 107 0 80 115 173 0 197 77
46 53 34 154 12 187 142 83 131 125 25 84 91 205 77 63 150 87 63 88 59 82 55 101 0 29 125 57 50 40 180 77 165 189 11 88 0 221 85 71 98 0 12 164 16 141 92 24 219 58 163 137 147 200 218 107 58 156 170 127 53 99 209 207
36 159 41 0 63 139 81 231 86 111 41 95 146 186 47 206 94 13 138 0 89 59 0 230 138 227 146 114 163 0 17 225 41 156 30 187 77 0 22 228 0 0 0 223 66 210 214 97 180 145 80 0 212 186 21 46 33 103 165 72 208 142 43 116
218 113 65 0 100 41 142 0 230 199 173 106 42 128 57 128 124 183 34 152 0 70 54 41 137 145 94 165 85 158 44 69 0 85 203 0 184 78 143 64 62 21 109 15 68 165 149 211 39 182 223 175 169 177 140 176 215 0 176 89 12 81 155 227
26 205 223 30 229 39 110 151 222 185 110 153 30 180 177 223 57 71 158 171 164 37 195 75 0 118 230 155 85 90 132 89 104 19 97 66 118 108 153 209 20 9 74 169 29 72 65 201 218 183 0 132 10 158 82 110 88 206 92 110 231 196 131 5
83 1 160 160 117 157 118 124 32 135 0 184 212 79 0 178 218 187 210 138 187 64 158 0 168 149 139 68 12 226 16 0 155 192 0 118 88 20 143 55 207 36 159 0 180 65 147 118 37 186 131 7 154 111 48 96 228 0 163 132 235 105 67 21
155 130 104 47 151 68 70 130 199 42 41 101 35 0 213 165 225 22 232 217 128 119 84 114 78 0 147 142 213 185 99 114 210 170 39 64 165 28 165 157 0 164 46 106 183 25 163 159 159 0 166 78 163 0 119 83 0 63 34 59 117 101 68 131
143 19 175 148 67 0 112 149 118 48 30 137 161 170 0 217 119 81 145 157 169 4 92 44 0 27 160 93 170 53 66 133 115 102 74 203 0 113 84 208 26 69 84 27 0 91 172 0 161 165 34 36 209 223 20 19 169 131 223 205 173 0 164 10
178 0 117 16 92 38 115 110 169 165 51 195 131 109 23 191 224 0 6 0 20 70 176 159 0 192 115 0 68 128 0 41 194 218 158 85 137 125 64 130 10 71 157 164 46 197 75 111 151 0 54 0 188 135 193 218 108 180 40 221 0 62 62 42
184 72 0 120 107 121 0 35 77 109 0 205 63 75 35 218 8 111 159 83 74 0 129 58 38 37 199 79 108 167 84 108 204 159 42 84 114 198 46 14 121 162 78 191 41 48 0 84 0 206 199 118 95 156 181 89 91 182 14 118 217 57 225 106
152 0 77 114 53 209 230 174 135 25 192 89 97 149 39 12 143 116 0 8 219 196 61 161 100 0 0 160 0 36 168 186 63 124 51 1 188 0 20 179 159 195 6 23 220 4 127 154 3 145 30 166 165 147 0 155 0 109 41 225 174 195 145 79
201 127 32 188 53 101 148 224 97 49 7 61 142 76 0 19 93 194 73 33 0 159 177 0 76 68 5 221 136 150 50 88 175 165 133 8 54 119 66 0 47 0 53 2 3 78 177 0 19 126 130 196 226 105 146 59 57 101 137 0 204 60 52 120
162 125 36 84 32 196 53 112 65 167 78 68 10 0 82 43 104 3 107 91 125 197 14 225 70 190 160 74 89 90 121 0 171 118 143 166 218 177 121 76 51 43 141 101 176 92 48 35 0 64 77 107 182 73 52 161 151 114 182 30 143 17 37 159
78 101 4 166 152 23 124 12 175 29 93 24 32 0 122 50 232 142 198 201 19 122 40 137 173 15 141 30 103 173 148 0 222 0 7 222 132 0 25 93 164 69 32 51 53 128 212 226 110 172 115 192 8 114 96 67 82 0 60 98 186 124 167 138
157 137 205 134 217 129 92 115 102 0 180 125 165 106 60 109 51 217 198 171 0 11 5 32 100 117 11 80 50 49 22 70 17 53 88 0 220 73 0 167 0 12 82 64 145 174 98 78 227 125 206 128 27 50 191 213 136 138 88 147 25 41 78 35
6 0 41 185 0 0 151 0 48 224 138 158 204 163 177 89 51 125 175 8 18 0 46 222 120 0 207 117 5 0 58 94 25 206 153 161 141 93 105 124 0 59 90 69 26 174 75 65 48 162 129 0 15 181 40 224 18 176 225 70 201 1 190 156
0 175 158 196 0 132 93 99 9 61 79 103 150 217 49 221 82 170 135 105 175 178 83 187 145 73 0 195 70 145 65 179 229 0 99 228 122 0 79 163 228 102 82 152 119 61 212 0 39 0 162 26 195 132 80 50 181 107 112 110 36 237 65 38
191 119 188 200 198 223 104 146 106 206 34 91 180 33 145 59 115 0 69 18 211 203 83 124 153 25 117 67 87 96 25 81 214 142 232 36 224 221 63 153 84 0 137 118 79 128 16 154 13 47 182 0 210 98 203 154 126 29 55 165 13 183 212 115
169 47 59 0 88 106 218 52 108 159 139 83 210 205 43 148 16 68 63 63 153 203 192 5 204 217 159 198 63 33 0 142 82 211 0 203 229 189 79 15 183 130 32 131 0 0 0 171 138 122 0 0 47 0 66 109 107 6 218 181 143 0 125 21
165 42 46 127 0 168 50 218 191 60 194 191 16 158 104 161 49 112 23 163 27 169 207 148 66 164 95 135 2 188 224 93 68 182 34 129 154 196 0 189 0 167 113 62 0 36 135 16 220 176 200 183 54 150 147 117 3 118 208 42 214 137 142 88
132 112 216 67 34 93 6 0 177 24 134 77 127 114 34 205 121 14 22 131 34 204 78 146 75 36 25 17 103 0 193 0 111 111 137 64 176 22 131 158 149 49 153 167 89 225 95 175 102 64 207 143 176 126 149 15 230 51 153 106 5 167 118 149
101 204 213 5 0 205 44 69 162 0 130 197 131 36 140 91 87 59 165 133 1 0 96 130 135 0 169 19 173 185 216 0 4 100 167 96 0 110 10 0 141 208 0 159 178 0 182 61 0 0 129 24 67 63 83 195 201 226 83 39 44 3 169 186
164 75 193 111 76 41 228 16 22 211 43 110 41 199 109 135 215 8 13 55 21 108 81 75 168 146 149 177 48 73 165 114 120 225 55 179 187 21 202 207 197 54 12 0 133 9 0 0 202 201 102 225 132 222 227 44 132 19 47 0 166 34 151 138
135 84 67 180 123 162 177 30 64 219 6 0 68 110 200 226 154 154 185 0 195 148 144 7 143 161 71 189 100 191 20 123 111 83 190 30 203 92 31 116 42 33 187 129 128 173 41 74 227 153 133 187 171 72 194 22 17 187 34 39 226 85 102 150
49 0 58 34 91 150 44 222 10 16 98 201 140 189 29 109 216 0 142 214 49 196 220 111 98 0 124 101 39 36 138 169 143 202 136 25 62 173 101 120 95 187 200 112 218 190 125 33 118 188 178 211 221 1 15 132 74 0 82 205 57 154 17 197
215 90 0 18 151 62 114 117 126 227 0 136 74 155 189 203 74 20 86 0 41 21 206 18 70 89 200 0 175 124 24 198 239 46 150 191 149 34 37 188 113 207 125 147 46 38 229 15 213 161 19 205 104 114 162 187 178 211 160 123 245 113 222 187
146 126 65 108 209 65 177 231 56 183 189 134 70 132 224 167 132 76 72 125 135 29 206 23 215 18 118 180 143 56 222 129 128 82 28 194 167 229 195 239 76 161 41 28 0 65 46 200 209 0 65 137 126 207 233 0 0 238 0 34 196 116 13 0
83 105 132 1 164 36 0 194 22 197 157 64 227 0 139 59 72 233 58 162 224 6 0 182 31 69 168 110 75 147 212 187 216 196 40 7 175 9 219 238 232 235 0 37 119 219 116 173 207 137 22 21 174 150 193 168 58 4 202 143 242 38 109 87
6 225 149 55 86 0 10 116 211 98 91 125 0 26 74 163 203 94 130 41 174 215 222 171 4 193 81 200 107 0 168 44 158 182 55 20 203 0 46 197 11 176 0 232 194 149 172 79 201 182 6 11 225 90 225 213 170 130 0 181 112 148 4 140
